18426
17155
17081
18133
16822
17801
17387
17261
17599
17501
16949
18929
16240
18781
17257
18640
18109
16876
18256
18222
17377
18123
17668
17192
17055
16746
18917
17595
18485
18206
18048
17018
18377
17125
17229
16995
17883
18468
16920
17331
18562
18017
16869
16609
17575
16960
16537
17074
16425
17742
16890
17660
18283
16832
17667
16390
17119
17177
18673
16462
17893
18731
19075
16141
17119
19080
19038
17513
17644
17880
18337
17216
17044
18228
17786
16297
18531
16490
18215
17576
17178
18194
17879
17012
17943
17298
19003
19120
16811
18863
20053
18426
18386
17934
17936
18035
18160
17456
17341
18340
18133
17086
16567
17251
17089
17342
16070
17532
18141
18394
16918
19004
18437
17576
18084
17002
17568
18112
18342
16453
17998
16891
17072
16030
18842
16564
17467
20161
18472
17104
17793
17657
16756
18592
18561
16207
18664
17362
17961
16948
17532
18887
16674
17273
18600
17441
19540
16320
16248
16993
16197
17486
17491
17994
17308
16704
17260
17551
16946
16524
16880
16492
16935
16063
18385
18325
17499
16083
17590
18828
17314
16263
17352
18565
18336
16917
17351
17701
16609
17885
19802
18095
17957
18396
17734
17375
17189
18013
17476
18020
18207
16809
17848
16627
19447
18880
18233
17632
17317
16999
17398
16107
16557
17210
17183
17599
17198
18911
17984
17659
18002
17028
17382
17182
16935
17090
17300
16435
17252
17620
17164
17497
19304
17441
18393
19261
17146
18106
17132
18701
17781
18635
17611
16214
17064
16329
17397
17677
17733
17429
18773
16712
17708
17330
16398
17383
16077
18403
17181
16895
17845
18244
16379
17240
17802
16516
17788
16983
16468
18083
17546
16885
17762
17785
17811
17512
18711
18696
17421
17942
19166
16866
17979
18271
17506
17131
17113
16096
17240
17750
17596
17518
17460
18622
17150
18135
17727
16857
17202
16182
17438
17760
18902
17476
17730
16566
17506
18178
17357
18177
18224
18700
18178
16704
17179
17548
18099
17159
16701
17542
18934
17523
18226
16839
19345
16643
17375
15913
17993
17321
17273
17615
18505
17456
18112
16741
16527
18488
17477
18070
17241
17537
19427
18496
17695
17825
16761
16833
18492
16515
17395
17092
16425
17484
17476
18330
17908
17622
18238
17345
17530
16506
18274
19473
15947
19139
17578
17212
17944
18301
17181
17212
18303
15837
18154
17326
17204
18032
17936
17449
19362
18309
18169
17689
17060
17054
17883
18078
18724
18961
17103
17785
18539
18000
18374
18814
16250
19096
16403
18742
19173
15744
17115
19194
18935
17290
19921
18529
18018
16964
17360
18206
16159
17425
17637
17215
17063
18072
17907
16059
18291
18860
17220
17165
17949
16346
17008
18914
16209
17376
16984
18367
18595
18180
18468
18068
18219
16933
17450
17974
17124
17934
16948
17580
18024
17087
17593
18481
17917
18635
16830
17024
19073
18950
18303
17498
18378
16871
17462
17764
17078
16863
17264
17443
16989
17558
16701
17477
17252
18329
17562
17714
17484
19450
17029
17872
17359
18161
16745
18678
19168
18270
17012
17783
16967
19679
19206
17586
17318
17283
17207
18878
17559
17928
18183
18410
17224
16715
17983
17648
16967
16340
19286
17554
18045
19021
18072
18470
18645
17360
18514
18190
17210
16676
18566
18011
18395
17868
19254
18614
18465
17688
16482
16259
17885
17158
18484
17305
16825
16397
18996
16849
18910
17754
17816
16947
17572
17252
19506
16574
16305
17762
18051
18295
15747
19296
17866
17060
18244
18024
18611
17555
18498
17269
17581
17807
18948
17517
17709
17337
16786
17541
17936
16748
18188
18135
16553
18330
16983
17250
19401
17016
18074
18253
15326
17280
19467
16617
17759
16922
17852
17330
17067
16309
16998
16526
17230
16856
18451
16366
16307
16074
19142
16810
18181
19029
16532
18229
17249
18926
18422
18600
18148
16913
16522
17056
16706
16773
17326
19916
17372
17595
16948
18517
17137
17519
17184
17133
17644
18133
17121
17924
18284
18082
16241
17421
16806
17631
18854
17050
18714
17496
17074
18154
16932
17051
17969
18123
18572
18523
17643
17114
18194
18373
16270
17549
16946
17433
16694
16894
17844
17431
17167
18883
17160
16156
16908
16768
19784
17222
17799
17777
17621
18068
16966
18037
16948
17561
16362
16885
17657
18829
16956
16217
16974
18022
16771
17924
16096
16512
17810
18753
17242
18081
17433
17773
16521
18630
19196
17861
18163
17341
19816
17822
19141
18256
18667
15970
17521
17126
17389
17776
17675
18554
18211
17284
17732
18083
18371
17958
16909
17926
16443
16684
18202
18993
17929
17674
17494
16605
18710
16690
18567
18711
17937
17263
17785
17115
17466
17466
18421
16332
17643
17544
18526
17961
17335
16549
17481
17980
18065
19207
18570
17510
17181
17818
17846
18314
17344
15509
16906
17951
18231
16427
16966
16155
17943
16113
17977
15391
18223
17207
18208
15624
18469
17618
18372
19902
16881
18085
15674
17438
16675
16407
18945
16847
17005
18475
17152
17564
16153
19988
16727
17390
18469
17512
18314
18623
17081
18091
17460
16854
17020
17140
16895
17748
18735
17329
17917
17254
17070
19065
16695
17636
17763
17367
17695
16776
16972
17697
19072
16922
17040
19153
18297
19596
18536
16072
17211
18295
17759
17977
16956
17961
18222
17017
17818
18501
18096
17067
18234
17349
17648
17351
17360
17564
18502
17349
15864
18164
17700
16296
17839
17388
17192
17768
17309
17680
17632
18348
16739
16494
16999
17065
17862
16787
16562
18228
17616
18149
17960
18195
16514
18635
18542
16949
17634
17061
17993
16814
17018
16863
16653
17563
17649
18021
16903
17518
18379
16959
16248
17447
16009
17081
18347
18897
17753
17795
18085
18276
18815
16909
18401
17476
17338
18081
17789
18975
18989
18024
17262
17091
16681
17057
17471
17938
18558
18302
15825
18662
15800
18923
16024
18096
17845
17210
18804
16730
16327
17040
16564
18138
16000
17307
17561
16783
17980
15899
17999
17072
17247
17258
17013
17762
16561
18529
17509
17089
17814
16926
18263
18868
17515
16958
19084
16312
18440
16897
17800
18010
17311
16905
16325
16911
17277
17462
18623
17532
19040
18802
19007
17017
16234
16862
18615
17914
17052
18442
17854
16966
17795
17374
18233
18467
18810
17715
18254
16864
18625
17004
17694
17471
18006
18468
17145
16820
18128
17306
17778
16973
16550
17898
15561
17165
17768
18543
18617
16878
16942
17763
16981
16897
19167
19718
17982
17828
20540
17924
16980
15685
