17421
17758
17473
17168
17109
17025
17543
17390
18270
17004
18004
18680
16502
18106
17914
16634
17772
16998
18404
17396
16659
17953
18113
18230
17209
17421
17166
16874
17646
16183
18028
17441
17071
17677
16906
16541
19070
17863
18407
18483
16714
16480
18033
17048
16262
17979
16576
16787
17677
16586
18374
16755
16691
17027
16491
18280
16522
17261
17751
17701
18412
18520
17110
16698
16093
15587
15871
17089
17978
16735
17390
16989
18342
16718
16425
17325
17106
17146
16962
17524
17650
16730
17446
16711
18430
17664
17365
17347
18396
17218
17986
17350
18165
16921
17833
18076
18341
17307
17323
17419
18345
16946
17888
17506
19295
17389
17042
18001
17881
17127
17958
17559
16982
16670
17305
17139
16839
18288
17145
17073
17450
17462
17300
17557
17767
17960
17460
16023
18287
19195
16394
16367
18043
17990
15662
17066
17341
17860
16847
19197
17677
17875
17769
16764
17150
18400
19109
17382
18566
17901
18582
16989
17879
17062
16928
16830
19065
18821
18848
16410
18508
17694
17558
17684
17936
18145
17536
16589
17121
16678
18082
17213
17864
16230
16903
18172
17009
17829
16201
17157
18653
18125
17052
17246
18002
16771
16598
17168
17652
17026
17322
17545
16824
18074
17406
16505
16725
18084
17200
17829
16768
18477
17524
17472
17946
17929
18211
17506
16347
16769
17667
16741
16624
17321
17826
18985
17074
16920
16985
18081
18320
15674
18571
17327
17148
17842
17591
17309
18015
18668
17889
19008
16961
16322
17408
17204
18672
17181
18092
16461
16327
18286
16830
17701
18288
18965
16330
17662
17305
17565
18686
16527
17504
17521
16793
16489
16798
16847
16899
16998
15732
17475
17676
18329
17774
17652
17203
16968
17437
17509
16782
16852
17098
16259
17679
17176
18077
17405
17712
16609
16929
17675
16931
16546
18222
17855
18210
17260
17595
18222
17660
17877
16649
18023
18863
17462
17376
16643
17546
19206
17477
17765
17673
16238
18336
17093
17217
18235
16980
16525
15761
18346
17450
17487
16990
16964
17734
16799
16154
18664
17319
18146
18247
17303
18030
16847
16996
16991
16652
16822
17171
18423
18878
19584
16930
17189
17489
17325
18219
18129
17177
17445
17605
17867
18924
17146
17845
19575
16849
17640
17368
19854
17575
17131
17129
17547
17768
18170
16898
17489
16848
17484
17863
18120
17420
16749
17521
17875
15890
17769
18593
17203
17868
17121
17383
18878
17885
17633
17499
17834
17511
17378
16873
18583
17533
17589
18722
18216
17095
17361
18657
17395
17351
17984
18019
17714
17635
17356
17781
18073
18273
18088
18108
16254
18327
17008
17488
18366
17032
18296
16965
16498
16823
18592
17691
17711
17602
18477
17808
20334
17684
17542
16120
18359
18515
17110
17412
16870
17128
17739
16798
16132
17552
17062
17156
17202
16296
16733
18417
17286
16920
15786
19235
16622
18732
17164
16552
17136
16899
16068
18300
15987
17426
18157
17512
17702
17182
17530
16547
17826
17102
18568
17626
18040
16467
18975
17205
17407
17772
17228
16340
17662
16790
17514
17682
17554
17406
17273
17686
16606
17820
17283
17305
17020
17603
18376
17880
17436
17506
17173
18143
17258
18825
17501
18000
17219
18072
17008
17316
18093
16747
15511
16757
17609
18276
17389
17614
16960
17421
18572
17918
17780
16061
17409
17696
17651
17802
16897
17583
18269
17673
17220
16527
17753
17074
17315
17817
17580
17169
17311
17625
16975
17512
17286
17769
17037
17148
16256
18048
17167
16393
18042
18397
16729
16578
17139
16598
16275
18092
18349
17317
17261
17461
17695
17120
17562
16709
17388
17398
17191
17375
16893
17451
17742
17844
16947
16800
17266
16200
17673
17812
17485
16749
17379
16561
16730
17858
18663
18056
17735
16770
18650
18171
17613
17812
17061
17361
16937
17918
16135
18132
17863
16673
17155
17026
17222
18334
17606
16901
17890
17994
16551
17507
16900
18145
18795
18501
17608
18268
17608
18005
18133
16927
17530
16922
16767
18021
16717
18037
17707
18774
17615
17496
17624
17976
18460
19294
18214
17498
16563
17290
17481
15783
16783
17705
16713
18154
18494
17660
16620
16922
17492
18169
17445
17483
16662
17816
16349
17679
16739
17806
16188
15984
17009
18172
17123
18233
17144
17238
19061
18783
16768
16757
18297
17337
17945
17156
17410
17304
17447
18510
17967
17310
16708
17030
18647
16077
17431
16251
17031
17769
17986
18305
17377
18305
17912
16836
17903
18100
18256
16423
16488
16552
17338
16411
16467
16648
18202
16725
17675
16540
16005
16365
17249
16793
17628
15733
15471
17453
17984
16190
17452
17750
18350
16834
17239
16322
17136
18154
17303
17811
17337
16397
16418
17119
15641
16807
16377
17033
16608
16652
17778
17205
18197
18643
16452
18418
17816
18142
18307
17098
17139
17251
15846
17078
18037
16190
18579
18400
16493
17553
17798
17072
17505
16164
17125
16739
17366
17948
16786
16496
17872
17110
17979
16755
16948
17665
17830
17090
17011
17985
16499
17294
17820
16406
15960
18477
17576
17045
17246
17016
17766
17894
17518
16992
18392
18543
16734
16777
18902
17561
18052
18137
18092
16407
17535
15729
16742
17509
16920
16462
16880
16929
17369
17419
17267
16684
16693
17205
19192
17934
17290
17078
17988
16914
16861
17106
17114
17985
17174
17064
16780
16759
19259
17353
19094
16690
17379
17924
17862
17002
17823
17591
16711
18259
17810
17890
19135
18878
17588
17498
18276
18546
19935
17235
18240
18107
17239
18399
17387
17856
16375
17763
19946
16703
17972
18239
18556
16635
16371
18610
17634
17814
17493
16961
19301
18198
16647
16875
16617
18125
16922
15852
16310
17463
18393
18598
18584
17535
19201
18399
16700
17741
16911
15500
18374
18388
16580
17107
17780
18585
15608
17719
17559
18112
16761
19179
16838
18142
18459
17974
17464
17329
17170
17068
19717
18168
16966
17545
16637
18089
16412
16334
16983
18216
16872
16546
16507
17978
17280
16913
18143
18114
17330
16847
18439
18101
17242
16318
17961
15928
16762
16506
17515
17418
19377
18314
15851
17803
19053
16533
18901
16333
17501
17415
16241
16450
16786
18809
18208
17642
17265
17267
17194
16999
17657
17757
17195
17799
18060
17420
17408
16929
17908
17922
17188
17943
16525
17816
17932
18454
17486
17996
17207
15621
16953
17984
16865
16790
16113
16669
17057
17849
17049
16526
17748
17280
17086
17241
16130
17452
17118
17959
17119
17073
17904
16138
16298
16630
17308
